BUDGET:	0.00	1000000.00	2000000.00	3000000.00	4000000.00	5000000.00	6000000.00	7000000.00	8000000.00	9000000.00	10000000.00
STATUS:	OPT	OPT	OPT	OPT	OPT	OPT	OPT	OPT	OPT	OPT	OPT
%OPTGAP:	0.00	0.00	0.00	0.00	0.00	0.00	0.00	0.00	0.00	0.00	0.00
WEIGHTS
TARGET1:	1.0000
TARGET2:	1.0000
PTNL_HABITAT
TARGET1:	0.0000	0.7730	1.0570	1.2156	1.3382	1.3580	1.4196	1.4840	1.5901	1.6548	1.7498
TARGET2:	0.0000	0.3916	1.1402	1.7813	1.9488	2.2913	2.4582	2.5549	2.6248	2.6667	2.6667
WT_PTNL_HABITAT:	0.0000	1.1646	2.1973	2.9969	3.2870	3.6494	3.8777	4.0389	4.2149	4.3215	4.4165
WT_NETGAIN:	0.0000	1.1646	2.1973	2.9969	3.2870	3.6494	3.8777	4.0389	4.2149	4.3215	4.4165

BARID	ACTION	ACTION	ACTION	ACTION	ACTION	ACTION	ACTION	ACTION	ACTION	ACTION	ACTION
039Ats1	0	0	0	0	0	0	0	0	0	0	0
039Bts1	0	0	0	0	0	0	0	0	0	0	0
039Cts1	0	0	0	0	0	0	0	0	0	0	0
039Dts1	0	0	0	0	0	0	0	0	0	0	0
039Ets1	0	0	0	0	0	0	0	0	0	0	0
100ts1	0	0	0	0	0	0	0	0	0	0	0
10145fs1	0	0	0	0	0	0	0	0	0	0	0
101ts1	0	0	0	0	0	0	0	0	0	0	0
10245fs1	0	0	0	0	0	0	0	0	0	0	0
102ts1	0	0	0	0	0	0	0	0	0	0	0
103ts1	0	0	0	0	0	0	0	0	0	0	0
104ts1	0	0	0	0	0	0	0	0	0	0	0
10571fs1	0	0	0	0	0	0	0	0	0	0	0
105ts1	0	0	0	0	0	0	0	0	0	0	0
106ts1	0	0	0	0	0	0	0	0	0	0	0
107ts1	0	0	0	0	0	0	0	0	0	0	0
10Ats1	0	1	1	1	1	1	1	1	1	1	1
11Ats1	0	0	0	0	0	0	0	0	0	0	0
11Bts1	0	0	0	0	0	0	0	0	0	0	0
12Ats1	0	0	0	0	0	0	0	0	0	0	0
12Bts1	0	0	0	0	0	0	0	0	0	0	0
12Dts1	0	0	0	0	0	0	0	0	0	0	0
13ts1	0	0	0	0	0	1	1	1	1	1	1
14ts1	0	0	0	1	1	1	1	1	1	1	1
15637fs1	0	0	0	0	0	0	0	0	0	0	0
15938fs1	0	0	0	0	0	0	0	0	0	0	0
15ts1	0	0	0	0	1	0	1	1	1	1	1
16092fs1	0	0	0	0	0	0	0	0	0	0	0
16385fs1	0	0	0	0	0	0	0	0	0	0	0
16ts1	0	0	0	0	0	0	0	0	0	1	1
17584fs1	0	0	0	0	0	0	0	0	0	0	0
17ts1	0	0	0	0	0	0	0	0	0	0	0
18ts1	0	0	0	0	0	0	0	1	1	1	1
19ts1	0	0	0	0	0	0	0	0	1	1	1
20ts1	0	0	0	0	0	0	0	0	0	0	1
21ts1	0	0	0	0	0	0	0	0	0	0	0
22ts1	0	0	0	0	0	0	1	1	1	1	1
23901fs1	0	0	0	0	0	0	0	0	0	0	0
23ts1	0	0	0	0	0	0	0	0	0	1	1
24ts1	0	0	0	0	0	0	0	0	0	0	0
25ts1	0	0	0	0	0	0	0	0	1	1	1
26ts1	0	0	0	0	0	0	0	0	0	0	0
27ts1	0	0	0	0	0	0	0	0	0	0	0
28ts1	0	0	0	0	0	0	0	0	0	0	0
29413fs1	0	0	0	0	0	0	0	0	0	0	0
29ts1	0	0	0	0	0	0	0	0	0	0	0
30ts1	0	0	0	0	0	0	0	0	0	0	0
31ts1	0	0	0	0	0	0	0	0	0	0	1
32ts1	0	0	0	0	0	0	0	0	0	0	0
33ts1	0	0	0	0	0	0	0	0	0	0	0
34ts1	0	0	0	0	1	1	1	1	1	1	1
35ts1	0	0	0	1	1	1	1	1	1	1	1
3641fs1	0	0	0	0	0	0	0	0	0	0	0
3642fs1	0	0	0	0	0	0	0	0	0	0	0
36Ats1	0	1	1	1	1	1	1	1	1	1	1
3703fs1	0	0	0	0	0	0	0	0	0	0	0
37ts1	0	0	0	0	0	1	1	1	1	1	1
38ts1	0	0	0	0	0	0	0	0	0	0	0
3978fs1	0	0	0	0	0	0	0	0	0	0	0
40ts1	0	0	0	0	0	0	0	0	0	0	0
41ts1	0	0	0	0	0	0	0	0	0	0	0
42ts1	0	0	0	0	0	0	0	0	0	0	0
43ts1	0	0	0	0	0	0	0	0	0	0	0
44ts1	0	0	0	0	0	0	0	0	0	0	0
4506fs1	0	0	0	0	0	0	0	0	0	0	0
45ts1	0	0	0	0	0	0	0	0	0	0	0
46Ats1	0	0	0	0	0	0	0	0	0	0	0
46Bts1	0	0	0	0	0	0	0	0	0	0	0
47ts1	0	0	0	0	0	0	0	0	0	0	0
48ts1	0	0	0	0	0	0	0	0	0	0	0
49ts1	0	0	0	0	0	0	0	0	0	0	0
50ts1	0	0	0	0	0	0	0	0	0	0	0
51ts1	0	0	0	0	0	0	0	0	0	0	0
52ts1	0	0	0	0	0	0	0	0	0	0	0
53ts1	0	0	0	0	0	0	0	0	0	0	0
54ts1	0	0	0	0	0	0	0	0	1	1	1
55Ats1	0	0	0	0	0	0	0	1	1	1	1
55Bts1	0	0	0	0	0	0	0	0	0	0	0
56ts1	0	0	0	0	0	0	0	0	0	0	0
57ts1	0	0	0	0	0	0	0	0	0	0	0
58ts1	0	0	0	0	0	0	0	0	0	0	0
59ts1	0	0	0	0	0	0	0	0	0	0	0
60ts1	0	0	0	0	0	0	0	0	0	0	0
61Bts1	0	0	1	1	1	1	1	1	1	1	1
62ts1	0	0	0	0	0	0	0	0	0	0	0
63ts1	0	0	0	0	0	0	0	0	0	0	0
64ts1	0	0	0	0	0	0	0	0	0	0	0
65ts1	0	0	0	0	0	0	0	0	0	0	0
66ts1	0	0	0	0	0	0	0	0	0	0	0
67ts1	0	0	0	0	0	0	0	0	0	0	0
68ts1	0	0	0	0	0	0	0	0	0	0	0
69ts1	0	0	0	0	0	0	0	0	0	0	0
70ts1	0	0	0	0	0	0	0	0	0	0	0
71ts1	0	0	0	0	0	0	0	0	0	0	0
72ts1	0	0	0	0	0	0	0	0	0	0	0
73ts1	0	0	0	0	0	0	0	0	0	0	0
74ts1	0	0	0	0	0	0	0	0	0	0	0
75ts1	0	0	0	0	0	0	0	0	0	0	0
76ts1	0	0	0	0	0	0	0	0	0	0	0
77ts1	0	0	0	0	0	0	0	0	0	0	0
78ts1	0	0	0	0	0	0	0	0	0	0	0
7958fs1	0	0	0	0	0	0	0	0	0	0	0
79ts1	0	0	0	0	0	0	0	0	0	0	0
8057fs1	0	0	0	0	0	0	0	0	0	0	0
80ts1	0	0	0	0	0	0	0	0	0	0	0
81ts1	0	0	0	0	0	0	0	0	0	0	0
82ts1	0	0	0	0	0	0	0	0	0	0	0
83ts1	0	0	0	0	0	0	0	0	0	0	0
84ts1	0	0	0	0	0	0	0	0	0	0	0
85ts1	0	0	0	0	0	0	0	0	0	0	0
86ts1	0	0	0	0	0	0	0	0	0	0	0
87ts1	0	0	0	0	0	0	0	0	0	0	0
88ts1	0	0	0	0	0	0	0	0	0	0	0
89ts1	0	0	0	0	0	0	0	0	0	0	0
900ts1	0	0	0	0	0	0	0	0	0	0	1
9040fs1	0	0	0	0	0	0	0	0	0	0	0
90ts1	0	0	0	0	0	0	0	0	0	0	0
91ts1	0	0	0	0	0	0	0	0	0	0	0
92ts1	0	0	0	0	0	0	0	0	0	0	0
93ts1	0	0	0	0	0	0	0	0	0	0	0
94ts1	0	0	0	0	0	0	0	0	0	0	0
95ts1	0	0	0	0	0	0	0	0	0	0	0
96ts1	0	0	0	0	0	0	0	0	0	0	0
97ts1	0	0	0	0	0	0	0	0	0	0	0
98ts1	0	0	0	0	0	0	0	0	0	0	0
99ts1	0	0	0	0	0	0	0	0	0	0	0
9ts1	0	0	0	0	0	0	0	0	0	0	0
